# Swift-BAT daily average light curve for GX 3+1                        
# Generated Sun Jul 15 08:50:44 UTC 2018
#
#     TIME           RATE          ERROR      YEAR          DAY     STAT_ERR        SYS_ERR   DATA_FLAG   TIMEDEL_EXPO     TIMEDEL_CODED  TIMEDEL_DITHERED
#       d        count/cm^2/s   count/cm^2/s   yr            d    count/cm^2/s   count/cm^2/s                s              s              s
      53415       0.00999345     0.00220717   2005          45     0.00177177     0.00034977      0    1088.00000000  1105.00000000     0.00000000
      53416       0.00430772     0.00079771   2005          46     0.00063685     0.00015077      0   21824.00000000 10492.34375000    64.00000000
      53417       0.00454183     0.00045991   2005          47     0.00035086     0.00015896      0   31928.00000000 26083.40136647     0.00000000
      53418       0.00428772     0.00058048   2005          48     0.00045589     0.00015007      0   14768.00000000 14998.75000000    72.00000000
      53419       0.00435835     0.00065517   2005          49     0.00051802     0.00015254      0   16168.00000000 12134.29687500     0.00000000
      53420       0.00085353     0.00129353   2005          50     0.00105137     0.00002987      0    4240.00000000  3235.12500000     0.00000000
      53421       0.00466382     0.00136656   2005          51     0.00110307     0.00016323      0    4000.00000000  3179.50000000     0.00000000
      53422       0.00293877     0.00137133   2005          52     0.00111176     0.00010286      0    3800.00000000  3067.50000000     0.00000000
      53423       0.00370717     0.00137636   2005          53     0.00111401     0.00012975      0    2872.00000000  2752.75000000     0.00000000
      53424       0.00342741     0.00071303   2005          54     0.00057144     0.00011996      0   14112.00000000 10584.00000000  2296.00000000
      53430       0.00089848     0.00094079   2005          60     0.00076445     0.00003145      0    6224.00000000  5388.87500000     0.00000000
      53432       0.00958918     0.00208527   2005          62     0.00167324     0.00033562      0    6344.00000000  1833.81250000     0.00000000
      53434       0.00953566     0.00267082   2005          64     0.00215437     0.00033375      0    1448.00000000   893.68750000  1448.00000000
      53435       0.00432519     0.00108420   2005          65     0.00087283     0.00015138      0    5496.00000000  4496.56250000  2488.00000000
      53436       0.00012317     0.00059095   2005          66     0.00048043     0.00000431      0   25640.00000000 14301.93750000  9000.00000000
      53437      -0.00099914     0.00100991   2005          67     0.00082058    -0.00003497      0    6208.00000000  4783.50000000     0.00000000
      53439       0.00373666     0.00068817   2005          69     0.00054929     0.00013078      0   14104.00000000 10800.37500000   184.00000000
      53440       0.00516948     0.01202378   2005          70     0.00977432     0.00018093      3      64.00000000    45.50000000    64.00000000
      53441       0.00282164     0.00124130   2005          71     0.00100599     0.00009876      0   10008.00000000  4235.53125000  1568.00000000
      53442       0.00621080     0.00144315   2005          72     0.00115991     0.00021738      0   10960.00000000  3830.59375000   632.00000000
      53443       0.00593299     0.00155238   2005          73     0.00125075     0.00020765      0   10480.00000000  3403.93750000     0.00000000
      53444       0.00640286     0.00177960   2005          74     0.00143531     0.00022410      0    3128.00000000  1536.93750000   976.00000000
      53445       0.00331924     0.00075983   2005          75     0.00061049     0.00011617      0   28888.00000000  8457.37460852    64.00000000
      53446       0.00233673     0.00105277   2005          76     0.00085333     0.00008179      0   16648.00000000  4701.67187500     0.00000000
      53447       0.00467522     0.00084225   2005          77     0.00067171     0.00016363      0   28096.00000000  9581.07810092     0.00000000
      53448       0.00230212     0.00101779   2005          78     0.00082487     0.00008057      0   19264.00000000  6724.38676500  2176.00000000
      53449       0.00354357     0.00133385   2005          79     0.00107973     0.00012402      0   13288.00000000  5524.75198841  1536.00000000
      53450       0.00178173     0.00106369   2005          80     0.00086330     0.00006236      0   23344.00000000  7095.58397317     0.00000000
      53452       0.00434542     0.00090394   2005          82     0.00072443     0.00015209      0    8920.00000000  7985.75000000     0.00000000
      53453       0.00318680     0.00114535   2005          83     0.00092675     0.00011154      0   21832.00000000  5659.75000000     0.00000000
      53454       0.00356944     0.00111730   2005          84     0.00090268     0.00012493      0    6104.00000000  4916.75000000    64.00000000
      53455       0.00466351     0.00189211   2005          85     0.00153256     0.00016322      0    9288.00000000  2075.13673127     0.00000000
      53456       0.00166900     0.00133294   2005          86     0.00108265     0.00005841      0    3288.00000000  3281.00000000     0.00000000
      53457       0.00627034     0.00374112   2005          87     0.00303633     0.00021946      0     448.00000000   322.00000000     0.00000000
      53458       0.00564590     0.00144259   2005          88     0.00116178     0.00019761      0    2256.00000000  2291.25000000     0.00000000
      53460       0.00027317     0.00351823   2005          90     0.00286034     0.00000956      0    1792.00000000   525.00000000     0.00000000
      53461       0.00088121     0.00092821   2005          91     0.00075422     0.00003084      0   14352.00000000  9446.25000000  1392.00000000
      53463       0.00452178     0.00318462   2005          93     0.00258593     0.00015826      0    2360.00000000  2360.00000000  2360.00000000
      53465       0.00454433     0.00094959   2005          95     0.00076112     0.00015905      0   18136.00000000  6720.18750000  2336.00000000
      53466       0.00338169     0.00082202   2005          96     0.00066135     0.00011836      0   30664.00000000 12539.28125000     0.00000000
      53467       0.00301756     0.00107467   2005          97     0.00086949     0.00010561      0    9768.00000000  7020.75000000     0.00000000
      53468       0.00182357     0.00102190   2005          98     0.00082919     0.00006382      0   10112.00000000  7347.00000000     0.00000000
      53469       0.00753840     0.00148850   2005          99     0.00119100     0.00026384      0    6568.00000000  4772.06250000     0.00000000
      53470       0.00622767     0.00089492   2005         100     0.00070566     0.00021797      0   12824.00000000  9850.25000000  2008.00000000
      53471       0.00823951     0.00117453   2005         101     0.00092567     0.00028838      0    8072.00000000  5864.81250000     0.00000000
      53473       0.00349454     0.00099970   2005         103     0.00080666     0.00012231      0    9224.00000000  7153.87500000     0.00000000
      53474      -0.01778691     0.01527205   2005         104     0.01240598    -0.00062254      3      88.00000000    31.28125000    88.00000000
      53475       0.00170951     0.00085694   2005         105     0.00069500     0.00005983      0   10296.00000000  8983.09375000   344.00000000
      53479      -0.00075126     0.00263223   2005         109     0.00213992    -0.00002629      0    3864.00000000  1611.09375000  1496.00000000
      53480       0.00349225     0.00148016   2005         110     0.00119927     0.00012223      0    7432.00000000  3518.34959412   584.00000000
      53481       0.00755366     0.00535148   2005         111     0.00434548     0.00026438      0     192.00000000   195.00000000   192.00000000
      53483       0.00298449     0.00401633   2005         113     0.00326420     0.00010446      0    1472.00000000   672.75000000     0.00000000
      53491       0.00269633     0.00181703   2005         121     0.00147527     0.00009437      0    2184.00000000  2131.87500000     0.00000000
      53493       0.00643702     0.00222813   2005         123     0.00180220     0.00022530      0    1112.00000000  1129.37500000  1112.00000000
      53496       0.00230513     0.00113435   2005         126     0.00091990     0.00008068      0    6264.00000000  5334.18750000     0.00000000
      53497       0.00462655     0.00344665   2005         127     0.00279906     0.00016193      0     440.00000000   446.87500000   440.00000000
      53498       0.00335416     0.00254837   2005         128     0.00206965     0.00011740      0     960.00000000   990.00000000   960.00000000
      53500       0.00521789     0.00257025   2005         130     0.00208435     0.00018263      0    1016.00000000   998.12500000   856.00000000
      53502       0.00462900     0.00130310   2005         132     0.00105121     0.00016201      0    4680.00000000  3729.37500000     0.00000000
      53503       0.00544580     0.00107241   2005         133     0.00085800     0.00019060      0    7896.00000000  6230.43750000     0.00000000
      53504       0.00600257     0.00183016   2005         134     0.00147810     0.00021009      0    1712.00000000  1685.25000000     0.00000000
      53505      -0.00544255     0.00482091   2005         135     0.00391638    -0.00019049      0     320.00000000   325.00000000   320.00000000
      53506       0.00344006     0.00237072   2005         136     0.00192493     0.00012040      0    1120.00000000  1093.75000000  1120.00000000
      53509      -0.00197074     0.00535348   2005         139     0.00435206    -0.00006898      0     464.00000000   271.87500000   464.00000000
      53511       0.00107069     0.00141156   2005         141     0.00114721     0.00003747      0    2720.00000000  2676.25000000   880.00000000
      53512       0.00169205     0.00140283   2005         142     0.00113949     0.00005922      0    2936.00000000  2821.31250000   712.00000000
      53525       0.00872701     0.00187857   2005         155     0.00150697     0.00030545      0    1944.00000000  1640.25000000  1944.00000000
      53526       0.00485625     0.00219796   2005         156     0.00178161     0.00016997      0    1312.00000000  1086.50000000  1312.00000000
      53527       0.00007900     0.00192672   2005         157     0.00156644     0.00000277      0    1792.00000000  1456.00000000     0.00000000
      53536      -0.00597858     0.00707822   2005         166     0.00575214    -0.00020925      0     192.00000000    83.50000000     0.00000000
      53538       0.00242565     0.00237341   2005         168     0.00192837     0.00008490      0     912.00000000   833.62500000   912.00000000
      53540       0.00422678     0.00206459   2005         170     0.00167422     0.00014794      0    1944.00000000  1458.00000000  1944.00000000
      53541       0.00137807     0.00348108   2005         171     0.00282987     0.00004823      0    1032.00000000   943.31250000  1032.00000000
      53544       0.00459110     0.00358512   2005         174     0.00291180     0.00016069      0     536.00000000   453.31250000   536.00000000
      53545      -0.00212592     0.00453867   2005         175     0.00368948    -0.00007441      0     480.00000000   386.25000000     0.00000000
      53550       0.00408516     0.00095187   2005         180     0.00076509     0.00014298      0    8768.00000000  6730.12500000  1976.00000000
      53557       0.00586180     0.00209274   2005         187     0.00169322     0.00020516      0    2752.00000000  1723.50000000     0.00000000
      53558       0.00039700     0.00136892   2005         188     0.00111288     0.00001389      0    2624.00000000  2600.87500000     0.00000000
      53559       0.00478727     0.00106953   2005         189     0.00085880     0.00016755      0    9056.00000000  5373.00000000  1984.00000000
      53560       0.01889008     0.01068036   2005         190     0.00866657     0.00066115      0      64.00000000    39.00000000     0.00000000
      53561       0.00295560     0.00200760   2005         191     0.00163003     0.00010345      0    2936.00000000  1812.06250000  2040.00000000
      53562       0.00444871     0.00225535   2005         192     0.00182924     0.00015570      0    3008.00000000  1880.00000000  2128.00000000
      53564       0.00751945     0.00238261   2005         194     0.00192522     0.00026318      0    1216.00000000  1235.00000000     0.00000000
      53567      -0.01835345     0.00764828   2005         197     0.00619615    -0.00064237      0     256.00000000   104.00000000   256.00000000
      53572       0.00255789     0.00072632   2005         202     0.00058600     0.00008953      0   13256.00000000 11821.00000000     0.00000000
      53573       0.00264385     0.00069254   2005         203     0.00055799     0.00009253      0   19024.00000000 16929.89061880     0.00000000
      53574       0.00306609     0.00113857   2005         204     0.00092155     0.00010731      0    9496.00000000  5345.21875000     0.00000000
      53575       0.00267647     0.00100458   2005         205     0.00081317     0.00009368      0   11032.00000000  7896.87500000     0.00000000
      53576       0.00284675     0.00070802   2005         206     0.00056990     0.00009964      0   29352.00000000 20627.57804203     0.00000000
      53577       0.00375951     0.00084968   2005         207     0.00068246     0.00013158      0   14896.00000000 10469.58597517     0.00000000
      53578       0.00518335     0.00195851   2005         208     0.00158544     0.00018142      0    2256.00000000  1586.25000000  2256.00000000
      53579       0.00236069     0.00197349   2005         209     0.00160306     0.00008262      0    1904.00000000  1339.25000000     0.00000000
      53580       0.00157755     0.00061594   2005         210     0.00049875     0.00005521      0   26480.00000000 18618.75000000 10960.00000000
      53581       0.00259612     0.00084107   2005         211     0.00067979     0.00009086      0   16400.00000000 11510.46094036 14256.00000000
      53582       0.00453563     0.00224002   2005         212     0.00181658     0.00015875      0    1488.00000000  1048.25000000     0.00000000
      53583       0.00341509     0.00129278   2005         213     0.00104654     0.00011953      0    6384.00000000  4141.31250000  3968.00000000
      53584       0.01459332     0.00376434   2005         214     0.00303214     0.00051077      0     328.00000000   333.12500000     0.00000000
      53587       0.00354210     0.00190612   2005         217     0.00154641     0.00012397      0    1528.00000000  1448.75000000     0.00000000
      53594       0.00007525     0.01107822   2005         224     0.00900668     0.00000263      3     616.00000000    96.25000000   616.00000000
      53595       0.00343549     0.00107811   2005         225     0.00087105     0.00012024      0    5680.00000000  5383.83198547  2136.00000000
      53597       0.00031456     0.00188972   2005         227     0.00153633     0.00001101      0    7608.00000000  3339.56250000   256.00000000
      53598       0.00022175     0.00231158   2005         228     0.00187933     0.00000776      0    7832.00000000  3212.34375000     0.00000000
      53599       0.00547626     0.00187666   2005         229     0.00151776     0.00019167      0    7512.00000000  2894.31250000  7512.00000000
      53600       0.00518425     0.00080557   2005         230     0.00063810     0.00018145      0   14336.00000000 11583.25000000    64.00000000
      53602       0.00633650     0.00642440   2005         232     0.00521997     0.00022178      0     128.00000000   129.00000000   128.00000000
      53603       0.00286629     0.00164976   2005         233     0.00133879     0.00010032      0    1656.00000000  1681.87500000  1656.00000000
      53604       0.00010084     0.00276714   2005         234     0.00224970     0.00000353      0    1304.00000000   896.50000000     0.00000000
      53605       0.00354939     0.00119529   2005         235     0.00096652     0.00012423      0   17056.00000000  5906.12500000  7760.00000000
      53608      -0.00382343     0.00721543   2005         238     0.00586520    -0.00013382      0     784.00000000   181.56250000     0.00000000
      53609       0.00440620     0.00133144   2005         239     0.00107519     0.00015422      0    9168.00000000  4911.68750000  6264.00000000
      53610       0.00289627     0.00106793   2005         240     0.00086432     0.00010137      0    5016.00000000  4744.68750000     0.00000000
      53611       0.00367748     0.00091809   2005         241     0.00073904     0.00012871      0    8832.00000000  8160.06250000   192.00000000
      53612       0.00222135     0.00075114   2005         242     0.00060740     0.00007775      0   21784.00000000 15977.84672213     0.00000000
      53613       0.00628224     0.00128738   2005         243     0.00103127     0.00021988      0   10784.00000000  4601.09086204  2608.00000000
      53614       0.00699091     0.00173025   2005         244     0.00139257     0.00024468      0    4376.00000000  3106.95312500     0.00000000
      53615       0.00370503     0.00168106   2005         245     0.00136264     0.00012968      0    3160.00000000  2381.34375000   384.00000000
      53616      -0.00175172     0.00564110   2005         246     0.00458599    -0.00006131      0    1096.00000000   260.68750000     0.00000000
      53618       0.00168754     0.00164683   2005         248     0.00133803     0.00005906      0    3584.00000000  2394.03125000     0.00000000
      53620       0.00528361     0.00093397   2005         250     0.00074429     0.00018493      0   11864.00000000  8360.43750000  8488.00000000
      53621       0.00526872     0.00564840   2005         251     0.00458975     0.00018441      0     776.00000000   235.15625000     0.00000000
      53622       0.00684675     0.00188379   2005         252     0.00151909     0.00023964      0    2488.00000000  1535.56250000     0.00000000
      53623       0.00370131     0.00153066   2005         253     0.00123998     0.00012955      0    3848.00000000  2761.50000000     0.00000000
      53624       0.00097613     0.00181947   2005         254     0.00147898     0.00003416      0    2200.00000000  1959.37500000     0.00000000
      53625       0.00281466     0.00153450   2005         255     0.00124499     0.00009851      0    2512.00000000  2060.62500000     0.00000000
      53627       0.00238486     0.00062074   2005         257     0.00050009     0.00008347      0   13784.00000000 13079.43750000  9040.00000000
      53628      -0.00575615     0.00526816   2005         258     0.00427992    -0.00020147      0    3472.00000000   461.40625000     0.00000000
      53629       0.00449941     0.00104864   2005         259     0.00084289     0.00015748      0   20912.00000000  5912.33473676  4200.00000000
      53630       0.00224533     0.00967651   2005         260     0.00786682     0.00007859      2     760.00000000   130.51562643   760.00000000
      53631       0.00600014     0.00774157   2005         261     0.00629164     0.00021000      0    1784.00000000   195.26562500  1784.00000000
      53632      -0.00595153     0.01159588   2005         262     0.00942602    -0.00020830      3     768.00000000    83.43750000   768.00000000
      53633      -0.00082284     0.00113446   2005         263     0.00092202    -0.00002880      0    5888.00000000  3836.25781250  2336.00000000
      53634       0.00077022     0.00088640   2005         264     0.00072032     0.00002696      0   12024.00000000  6606.34960938  6480.00000000
      53635       0.00355549     0.00117198   2005         265     0.00094744     0.00012444      0   15280.00000000  4662.81096232 12744.00000000
      53636       0.00542093     0.00079873   2005         266     0.00063079     0.00018973      0    8720.00000000  8563.06250000  8720.00000000
      53637       0.00026273     0.00161036   2005         267     0.00130921     0.00000920      0    1968.00000000  1882.00000000  1968.00000000
      53638       0.00737374     0.00232274   2005         268     0.00187671     0.00025808      0    1360.00000000  1265.37500000     0.00000000
      53639       0.00422211     0.00074049   2005         269     0.00058991     0.00014777      0   15136.00000000 10342.80175781 14304.00000000
      53640       0.00362698     0.00073454   2005         270     0.00058820     0.00012694      0    9672.00000000  9207.90625000  9104.00000000
      53642       0.00360916     0.00197495   2005         272     0.00160236     0.00012632      0    1728.00000000  1372.87500000  1728.00000000
      53643       0.00467799     0.00093384   2005         273     0.00074746     0.00016373      0    8760.00000000  6048.19140625  3592.00000000
      53644       0.00269554     0.00086360   2005         274     0.00069791     0.00009434      0    9672.00000000  6932.43750000  6056.00000000
      53645       0.00222019     0.00092761   2005         275     0.00075150     0.00007771      0    7816.00000000  5803.87500000  4904.00000000
      53646       0.00252117     0.00097788   2005         276     0.00079178     0.00008824      0    6536.00000000  6234.62500000   384.00000000
      53647       0.00436774     0.00083845   2005         277     0.00067024     0.00015287      0    8344.00000000  8311.12500000  8344.00000000
      53648      -0.01761785     0.02754792   2005         278     0.02239107    -0.00061662      3      64.00000000    20.00000000    64.00000000
      53649       0.00222987     0.00188439   2005         279     0.00153071     0.00007805      0   10424.00000000  3125.87500000 10424.00000000
      53650       0.00029890     0.00461572   2005         280     0.00375261     0.00001046      0     824.00000000   461.68750000   824.00000000
      53651       0.00303504     0.00200174   2005         281     0.00162513     0.00010623      0   11000.00000000  2553.39062500 11000.00000000
      53652      -0.00060569     0.00429728   2005         282     0.00349368    -0.00002120      0     720.00000000   441.75000000   720.00000000
      53653       0.00410622     0.00163546   2005         283     0.00132450     0.00014372      0    4128.00000000  2472.12500000  4128.00000000
      53654       0.00570632     0.00114670   2005         284     0.00091803     0.00019972      0    5264.00000000  4399.68750000  5264.00000000
      53655       0.00350960     0.00102155   2005         285     0.00082450     0.00012284      0    6152.00000000  5930.12500000  6152.00000000
      53656       0.00466522     0.00120965   2005         286     0.00097445     0.00016328      0    6232.00000000  4776.00000000  1272.00000000
      53657       0.00025370     0.00073078   2005         287     0.00059409     0.00000888      0   16784.00000000 14612.78125000  1000.00000000
      53658       0.00358860     0.00076166   2005         288     0.00061076     0.00012560      0   18216.00000000 16135.12500000 16464.00000000
      53659       0.00377700     0.00074416   2005         289     0.00059539     0.00013220      0   16104.00000000 14235.03125000 16104.00000000
      53660       0.00378010     0.00078088   2005         290     0.00062568     0.00013230      0   18632.00000000 12611.90625000 18632.00000000
      53661       0.00187863     0.00094781   2005         291     0.00076872     0.00006575      0   19328.00000000 11747.87500000 17232.00000000
      53662       0.00204914     0.00289778   2005         292     0.00235520     0.00007172      0    3536.00000000  1300.96875000  3536.00000000
      53663       0.00223364     0.00093626   2005         293     0.00075853     0.00007818      0   14736.00000000 10071.53125000 14736.00000000
      53664       0.00225570     0.00070927   2005         294     0.00057306     0.00007895      0   18504.00000000 16694.62500000 18504.00000000
      53665       0.00266329     0.00104208   2005         295     0.00084382     0.00009322      0    8048.00000000  7421.00000000  6352.00000000
      53666       0.00562305     0.00227124   2005         296     0.00183959     0.00019681      0    1592.00000000  1410.50000000  1592.00000000
      53667       0.00399674     0.00127580   2005         297     0.00103098     0.00013989      0    6120.00000000  5475.28117132  6120.00000000
      53668       0.00186219     0.00175253   2005         298     0.00142383     0.00006518      0    3088.00000000  2730.00000000  3088.00000000
      53669       0.00332257     0.00155253   2005         299     0.00125868     0.00011629      0    3792.00000000  3191.37500000  3088.00000000
      53670       0.00333713     0.00101066   2005         300     0.00081617     0.00011680      0    6968.00000000  6588.81250000  6968.00000000
      53671       0.00478122     0.00090156   2005         301     0.00072024     0.00016734      0    8664.00000000  8741.87500000   768.00000000
      53672       0.00065736     0.00216127   2005         302     0.00175703     0.00002301      0    1600.00000000  1490.50000000   832.00000000
      53673       0.00234161     0.00135940   2005         303     0.00110320     0.00008196      0    3528.00000000  3521.75000000  2752.00000000
      53674       0.00301955     0.00087554   2005         304     0.00070661     0.00010568      0   10160.00000000 10251.75000000 10160.00000000
      53675       0.00353289     0.00078941   2005         305     0.00063388     0.00012365      0   13280.00000000 11556.93750000 12896.00000000
      53676       0.00562108     0.00070670   2005         306     0.00055184     0.00019674      0   16088.00000000 16237.43750000 14800.00000000
      53677       0.00327873     0.00074042   2005         307     0.00059469     0.00011476      0   14024.00000000 14337.81250000 13616.00000000
      53678       0.00287767     0.00117895   2005         308     0.00095499     0.00010072      0    8024.00000000  4879.75000000  5944.00000000
      53681       0.00257220     0.00088174   2005         311     0.00071311     0.00009003      0   11952.00000000  9320.31250000 11952.00000000
      53684       0.00318894     0.00112972   2005         314     0.00091398     0.00011161      0    5144.00000000  4722.12500000  5144.00000000
      53685       0.00422820     0.00124564   2005         315     0.00100554     0.00014799      0    7608.00000000  4415.15625000  7608.00000000
      53687       0.00274273     0.00505391   2005         317     0.00410813     0.00009600      0     768.00000000   312.00000000   768.00000000
      53691      -0.00446058     0.00631755   2005         321     0.00513465    -0.00015612      0     352.00000000   275.00000000   352.00000000
      53692      -0.00092782     0.00732239   2005         322     0.00595311    -0.00003247      0     192.00000000    92.25000000   192.00000000
      53693       0.00181801     0.01013875   2005         323     0.00824272     0.00006363      2     448.00000000   120.75000000   448.00000000
      53694       0.00090269     0.00478310   2005         324     0.00388861     0.00003159      0     760.00000000   537.68750000   760.00000000
      53695       0.00015712     0.00450653   2005         325     0.00366384     0.00000550      0     384.00000000   285.00000000   384.00000000
      53696       0.01005780     0.00530261   2005         326     0.00430156     0.00035202      0     448.00000000   283.00000000   448.00000000
      53697      -0.00279319     0.00400199   2005         327     0.00325268    -0.00009776      0     944.00000000   583.25000000   944.00000000
      53698       0.01182342     0.00489129   2005         328     0.00396240     0.00041382      0     840.00000000   390.46875000   840.00000000
      53700       0.00901068     0.00431321   2005         330     0.00349729     0.00031537      0    1096.00000000   497.21875000  1096.00000000
      53701      -0.00645273     0.00447601   2005         331     0.00363440    -0.00022585      0     832.00000000   403.50000000   832.00000000
      53702       0.00260519     0.00685913   2005         332     0.00557604     0.00009118      0     376.00000000   111.62500000   376.00000000
      53706       0.00194042     0.00596621   2005         336     0.00485026     0.00006791      0    1616.00000000   306.48632812  1616.00000000
      53707       0.00439720     0.00899057   2005         337     0.00730833     0.00015390      2     576.00000000    82.00000000    64.00000000
      53708       0.00216378     0.00388535   2005         338     0.00315822     0.00007573      0    3120.00000000   442.31250000  1848.00000000
      53709       0.00345260     0.00401816   2005         339     0.00326532     0.00012084      0    2544.00000000   437.00000000   576.00000000
      53710       0.00245054     0.00399108   2005         340     0.00324403     0.00008577      0    1544.00000000   344.10937500  1544.00000000
      53711      -0.00669387     0.00958832   2005         341     0.00779306    -0.00023429      2     688.00000000    98.75000000   688.00000000
      53712       0.00945093     0.00834156   2005         342     0.00677643     0.00033078      0     752.00000000   114.28125000   752.00000000
      53713      -0.00447274     0.00990751   2005         343     0.00805388    -0.00015655      2     576.00000000    79.87500000   576.00000000
      53747       0.00271569     0.00245236   2006          12     0.00199229     0.00009505      0    1960.00000000  1225.56250000  1960.00000000
      53752       0.00080025     0.00265390   2006          17     0.00215752     0.00002801      0    1752.00000000  1152.43750000  1752.00000000
      53755       0.00036840     0.00350558   2006          20     0.00285005     0.00001289      0     896.00000000   742.00000000     0.00000000
      53756       0.00369603     0.00192377   2006          21     0.00156050     0.00012936      0    4904.00000000  2747.93750000  4904.00000000
      53757       0.00448442     0.00264476   2006          22     0.00214642     0.00015695      0    1624.00000000  1446.37500000  1624.00000000
      53758       0.00387730     0.00222228   2006          23     0.00180336     0.00013571      0    1568.00000000  1433.25000000  1568.00000000
      53759       0.00392370     0.00129787   2006          24     0.00104925     0.00013733      0    7832.00000000  4355.25000000  7832.00000000
      53760      -0.00028771     0.00147321   2006          25     0.00119770    -0.00001007      0    6760.00000000  4004.15625000  6760.00000000
      53761       0.00413724     0.00106644   2006          26     0.00085899     0.00014480      0    9584.00000000  6575.87500000  9584.00000000
      53762       0.00171063     0.00192487   2006          27     0.00156418     0.00005987      0    2184.00000000  1889.81250000  2184.00000000
      53763       0.00390350     0.00135999   2006          28     0.00110009     0.00013662      0    6352.00000000  4048.95312500  6352.00000000
      53764       0.00305280     0.00138886   2006          29     0.00112581     0.00010685      0    4592.00000000  4061.68750000  4592.00000000
      53765       0.00298644     0.00137815   2006          30     0.00111722     0.00010453      0   10648.00000000  4670.20703268  1792.00000000
      53766       0.00274481     0.00117690   2006          31     0.00095364     0.00009607      0    8936.00000000  5523.40625000  8936.00000000
      53767       0.00457366     0.00103474   2006          32     0.00083112     0.00016008      0    9184.00000000  6283.75000000  9184.00000000
      53768       0.00213344     0.00090451   2006          33     0.00073286     0.00007467      0   10464.00000000  9161.93750000 10464.00000000
      53769       0.00474710     0.00102544   2006          34     0.00082267     0.00016615      0    8304.00000000  7739.12500000  8304.00000000
      53770       0.00360950     0.00122191   2006          35     0.00098810     0.00012633      0    9568.00000000  5455.64062500  8928.00000000
      53771       0.00370881     0.00109246   2006          36     0.00088188     0.00012981      0   12968.00000000  7224.71875000 12968.00000000
      53772       0.00499747     0.00153576   2006          37     0.00124046     0.00017491      0    5344.00000000  3165.68750000  5344.00000000
      53773       0.00352677     0.00139036   2006          38     0.00112591     0.00012344      0    9448.00000000  4776.93750000  9448.00000000
      53774       0.00634245     0.00233270   2006          39     0.00188790     0.00022199      0    4560.00000000  1791.92187500  4560.00000000
      53775       0.00320242     0.00170044   2006          40     0.00137947     0.00011208      0    3200.00000000  2661.87500000  2104.00000000
      53776       0.00622886     0.00117052   2006          41     0.00093499     0.00021801      0    5840.00000000  5853.87500000  5840.00000000
      53777       0.00654364     0.00107374   2006          42     0.00085287     0.00022903      0    7592.00000000  7382.37500000  7592.00000000
      53778       0.00339164     0.00104416   2006          43     0.00084341     0.00011871      0    8008.00000000  7259.00000000  8008.00000000
      53779       0.00140180     0.00139324   2006          44     0.00113201     0.00004906      0    7216.00000000  4202.00000000  7216.00000000
      53780       0.00488902     0.00121106   2006          45     0.00097472     0.00017112      0   10256.00000000  6024.34375000 10256.00000000
      53781       0.00400409     0.00113313   2006          46     0.00091417     0.00014014      0   10520.00000000  6729.25000000 10520.00000000
      53784       0.00102852     0.00216242   2006          49     0.00175783     0.00003600      0    1344.00000000  1336.00000000  1344.00000000
      53785       0.01022317     0.00370181   2006          50     0.00299551     0.00035781      0    1632.00000000   628.25000000  1632.00000000
      53786       0.00259066     0.00294829   2006          51     0.00239585     0.00009067      0    2056.00000000   733.03125000  2056.00000000
      53787       0.00778305     0.00240590   2006          52     0.00194344     0.00027241      0    1536.00000000  1294.50000000  1536.00000000
      53788       0.01544328     0.00434242   2006          53     0.00350296     0.00054051      0    2920.00000000   639.18750000  2536.00000000
      53789       0.00431456     0.00294101   2006          54     0.00238791     0.00015101      0    1048.00000000   855.81250000  1048.00000000
      53794       0.00366474     0.00721920   2006          59     0.00586834     0.00012827      0     584.00000000   212.15625000   584.00000000
      53795       0.00259783     0.00104199   2006          60     0.00084391     0.00009092      0    8256.00000000  6879.56250000  6568.00000000
      53796       0.00445709     0.00141673   2006          61     0.00114481     0.00015600      0   12976.00000000  5551.15625000 11440.00000000
      53797       0.00375707     0.00099938   2006          62     0.00080544     0.00013150      0   10560.00000000  9149.56250000  8840.00000000
      53798       0.00671981     0.00081585   2006          63     0.00063513     0.00023519      0   19232.00000000 15640.06250000 18056.00000000
      53799       0.00359551     0.00078165   2006          64     0.00062720     0.00012584      0   20512.00000000 16617.37500000 18128.00000000
      53800       0.00597499     0.00105893   2006          65     0.00084397     0.00020912      0   13224.00000000  8671.59375000 11752.00000000
      53801       0.00499585     0.00103959   2006          66     0.00083315     0.00017485      0   10392.00000000  8532.93750000 10392.00000000
      53802       0.00582788     0.00127170   2006          67     0.00102051     0.00020398      0    6568.00000000  5125.21875000  5608.00000000
      53803       0.00344316     0.00090052   2006          68     0.00072554     0.00012051      0   13000.00000000 11236.06250000 11368.00000000
      53804       0.00218817     0.00118816   2006          69     0.00096398     0.00007659      0    7432.00000000  6275.71875000  6376.00000000
      53805       0.00452588     0.00184242   2006          70     0.00149236     0.00015841      0    3328.00000000  2770.93750000  3328.00000000
      53806       0.00310383     0.00129409   2006          71     0.00104839     0.00010863      0    4704.00000000  4685.50000000  4704.00000000
      53807       0.00581948     0.00256156   2006          72     0.00207597     0.00020368      0    2688.00000000  1812.28125000  1192.00000000
      53808       0.00526291     0.00093420   2006          73     0.00074460     0.00018420      0   15776.00000000 11485.84375000 11616.00000000
      53809       0.00535534     0.00084494   2006          74     0.00066983     0.00018744      0   13944.00000000 12976.62500000 11704.00000000
      53810       0.00716626     0.00089178   2006          75     0.00069576     0.00025082      0   13968.00000000 12810.06250000 12816.00000000
      53811       0.00503463     0.00095869   2006          76     0.00076614     0.00017621      0   11632.00000000 11048.25000000  4216.00000000
      53812       0.00606766     0.00097662   2006          77     0.00077500     0.00021237      0   12896.00000000 12550.31250000  1584.00000000
      53813       0.00586563     0.00201716   2006          78     0.00163145     0.00020530      0    5960.00000000  2781.93750000  4984.00000000
      53814       0.00292513     0.00121455   2006          79     0.00098392     0.00010238      0    7976.00000000  7709.68750000  5016.00000000
      53815       0.00379061     0.00089886   2006          80     0.00072278     0.00013267      0   14064.00000000 13646.18750000  4960.00000000
      53816       0.00483346     0.00085889   2006          81     0.00068460     0.00016917      0   15272.00000000 13114.75000000  2880.00000000
      53817       0.00360422     0.00108229   2006          82     0.00087392     0.00012615      0    8496.00000000  7327.62500000  8496.00000000
      53818       0.00416178     0.00070717   2006          83     0.00056260     0.00014566      0   20728.00000000 19459.87500000 20216.00000000
      53819       0.00387825     0.00066791   2006          84     0.00053169     0.00013574      0   23944.00000000 20846.93750000 19808.00000000
      53820       0.00516217     0.00127947   2006          85     0.00102979     0.00018068      0   24936.00000000  7537.96875000  3184.00000000
      53821       0.00512485     0.00115842   2006          86     0.00093045     0.00017937      0   21488.00000000  8287.15625000  3568.00000000
      53822       0.00224281     0.00083019   2006          87     0.00067192     0.00007850      0   20224.00000000 12760.34375000 18448.00000000
      53823       0.00576157     0.00177048   2006          88     0.00143005     0.00020166      0    6976.00000000  3192.62500000  6152.00000000
      53824       0.00294566     0.00111911   2006          89     0.00090597     0.00010310      0   17888.00000000  8748.18750000 17888.00000000
      53825       0.00654298     0.00178937   2006          90     0.00144281     0.00022900      0    8312.00000000  3414.53125000  7384.00000000
      53826       0.00689718     0.00159338   2006          91     0.00128048     0.00024140      0   10120.00000000  4425.56250000 10120.00000000
      53827       0.00385508     0.00138714   2006          92     0.00112241     0.00013493      0   13000.00000000  5502.37500000 11920.00000000
      53828       0.00335643     0.00179200   2006          93     0.00145378     0.00011748      0    9416.00000000  3996.90625000  4160.00000000
      53829       0.00295367     0.00083452   2006          94     0.00067325     0.00010338      0   25984.00000000 14596.37500000 25184.00000000
      53830       0.00407780     0.00080580   2006          95     0.00064476     0.00014272      0   28312.00000000 15842.18750000 27304.00000000
      53831       0.00619969     0.00079359   2006          96     0.00062061     0.00021699      0   18336.00000000 17358.81250000 17120.00000000
      53832       0.00506170     0.00069575   2006          97     0.00054701     0.00017716      0   25024.00000000 18984.75000000 24064.00000000
      53833       0.00494869     0.00067289   2006          98     0.00052863     0.00017320      0   26688.00000000 19532.06250000 25760.00000000
      53834       0.00530624     0.00073111   2006          99     0.00057490     0.00018572      0   25000.00000000 17972.96875000 24112.00000000
      53835       0.00570205     0.00074827   2006         100     0.00058631     0.00019957      0   26216.00000000 19172.12500000 26216.00000000
      53836       0.00370523     0.00082960   2006         101     0.00066618     0.00012968      0   27136.00000000 12490.15625000 25272.00000000
      53837       0.00486682     0.00130827   2006         102     0.00105458     0.00017034      0   15624.00000000  5879.87500000 14040.00000000
      53838       0.00004957     0.00250140   2006         103     0.00203366     0.00000173      0    4944.00000000  1408.68750000  4944.00000000
      53839       0.00209520     0.00141254   2006         104     0.00114686     0.00007333      0   28432.00000000  4812.17968750  1584.00000000
      53840       0.00440549     0.00105564   2006         105     0.00084904     0.00015419      0   14192.00000000  6676.02343750 11432.00000000
      53841       0.00382583     0.00108490   2006         106     0.00087529     0.00013390      0    7048.00000000  5462.07812500  5928.00000000
      53842       0.00206458     0.00191278   2006         107     0.00155399     0.00007226      0    1928.00000000  1848.25000000  1928.00000000
      53843       0.00369812     0.00134531   2006         108     0.00108867     0.00012943      0    8120.00000000  4160.18750000  1064.00000000
      53844       0.00268876     0.00097600   2006         109     0.00078980     0.00009411      0   11912.00000000  7202.31250000  9528.00000000
      53845       0.00419900     0.00097756   2006         110     0.00078573     0.00014697      0   12440.00000000  8020.46875000  8680.00000000
      53846       0.00342166     0.00127753   2006         111     0.00103407     0.00011976      0    8808.00000000  4514.09375000  8808.00000000
      53847       0.00401977     0.00093476   2006         112     0.00075131     0.00014069      0   14080.00000000  8598.68750000 10376.00000000
      53848       0.00335779     0.00097327   2006         113     0.00078549     0.00011752      0   12744.00000000  7727.71875000  8976.00000000
      53849       0.00500539     0.00089582   2006         114     0.00071425     0.00017519      0   15776.00000000  9745.00000000 11992.00000000
      53850       0.00322074     0.00089247   2006         115     0.00071977     0.00011273      0   15968.00000000  8958.00000000 12424.00000000
      53851       0.00301365     0.00097104   2006         116     0.00078479     0.00010548      0   14664.00000000  8046.62500000 11864.00000000
      53852       0.00386562     0.00096070   2006         117     0.00077327     0.00013530      0   15848.00000000  7836.68750000 12008.00000000
      53853       0.00384934     0.00135896   2006         118     0.00109940     0.00013473      0    5464.00000000  3991.37500000  3296.00000000
      53854       0.00506549     0.00082913   2006         119     0.00065850     0.00017729      0   10312.00000000  8479.75000000  9312.00000000
      53855       0.00533929     0.00121773   2006         120     0.00097830     0.00018688      0    6304.00000000  5637.37500000  1744.00000000
      53856       0.00663209     0.00128380   2006         121     0.00102654     0.00023212      0    4744.00000000  3747.75000000  4000.00000000
      53857       0.00553955     0.00264915   2006         122     0.00214801     0.00019388      0     960.00000000   892.50000000     0.00000000
      53859       0.00506255     0.00162325   2006         124     0.00131183     0.00017719      0    3136.00000000  2945.00000000     0.00000000
      53860       0.00455152     0.00216824   2006         125     0.00175803     0.00015930      0    1192.00000000  1134.06250000   392.00000000
      53861       0.00392344     0.00433009   2006         126     0.00351863     0.00013732      0     400.00000000   325.00000000   400.00000000
      53863       0.00485184     0.00168563   2006         128     0.00136346     0.00016981      0    2440.00000000  2309.37500000     0.00000000
      53864       0.00543423     0.00168451   2006         129     0.00136076     0.00019020      0    2784.00000000  2661.93750000  2784.00000000
      53865       0.00484332     0.00151772   2006         130     0.00122620     0.00016952      0    2568.00000000  2436.68750000     0.00000000
      53866       0.00555742     0.00159176   2006         131     0.00128442     0.00019451      0    4032.00000000  3281.25000000  2976.00000000
      53867       0.00319415     0.00268869   2006         132     0.00218404     0.00011180      0    1024.00000000  1040.00000000     0.00000000
      53868       0.00559738     0.00197785   2006         133     0.00160010     0.00019591      0    1624.00000000  1613.37500000   768.00000000
      53869       0.00326690     0.00155581   2006         134     0.00126146     0.00011434      0    4008.00000000  2985.06250000  2144.00000000
      53870      -0.00311253     0.00980456   2006         135     0.00797070    -0.00010894      3     128.00000000    59.50000000   128.00000000
      53871       0.00913039     0.00878021   2006         136     0.00713365     0.00031956      0     704.00000000   115.50000000   704.00000000
      53872       0.00240142     0.00159429   2006         137     0.00129437     0.00008405      0    2976.00000000  2746.25000000     0.00000000
      53873       0.00310463     0.00162089   2006         138     0.00131483     0.00010866      0    4560.00000000  2287.32812500  2936.00000000
      53874       0.00183515     0.00255895   2006         139     0.00207979     0.00006423      0     920.00000000   934.37500000     0.00000000
      53875       0.00533633     0.00151543   2006         140     0.00122266     0.00018677      0    5984.00000000  2714.75781250  5592.00000000
      53876       0.00440993     0.00173680   2006         141     0.00140644     0.00015435      0    2688.00000000  2409.75000000     0.00000000
      53878       0.00358114     0.00173997   2006         143     0.00141093     0.00012534      0    1912.00000000  1875.37500000  1216.00000000
      53879       0.00488440     0.00200543   2006         144     0.00162450     0.00017095      0    2024.00000000  1785.62500000     0.00000000
      53881       0.00267976     0.00264704   2006         146     0.00215072     0.00009379      0    1112.00000000   833.07812500     0.00000000
      53883       0.00393146     0.00458310   2006         148     0.00372442     0.00013760      0    3792.00000000   441.64843750  3792.00000000
      53886       0.00321206     0.00261595   2006         151     0.00212482     0.00011242      0    1088.00000000   790.50000000     0.00000000
      53887       0.00341721     0.00266815   2006         152     0.00216705     0.00011960      0     816.00000000   828.75000000     0.00000000
      53888       0.00569134     0.00159967   2006         153     0.00129042     0.00019920      0    3000.00000000  2824.87500000   384.00000000
      53889       0.00657065     0.00201343   2006         154     0.00162622     0.00022997      0    1784.00000000  1811.87500000     0.00000000
      53890       0.00533201     0.00064339   2006         155     0.00050059     0.00018662      0   18336.00000000 17493.87500000  2496.00000000
      53891       0.00328167     0.00102027   2006         156     0.00082421     0.00011486      0    5592.00000000  5679.37500000     0.00000000
      53892       0.00557249     0.00086967   2006         157     0.00068904     0.00019504      0    8808.00000000  8934.87500000  8808.00000000
      53893       0.00333595     0.00079473   2006         158     0.00063911     0.00011676      0   10856.00000000 10885.62500000 10856.00000000
      53894       0.00348895     0.00080559   2006         159     0.00064738     0.00012211      0   10128.00000000 10270.00000000 10128.00000000
      53895       0.00527396     0.00084198   2006         160     0.00066788     0.00018459      0    9320.00000000  9413.00000000  9320.00000000
      53896       0.00534905     0.00124384   2006         161     0.00099973     0.00018722      0    5360.00000000  4568.50000000  5360.00000000
      53897       0.00259382     0.00133052   2006         162     0.00107920     0.00009078      0    7960.00000000  4318.84375000  4384.00000000
      53898       0.00642439     0.00153974   2006         163     0.00123840     0.00022485      0    8392.00000000  3843.31250000  8392.00000000
      53899       0.00522818     0.00098336   2006         164     0.00078552     0.00018299      0   13408.00000000  8168.28125000 13408.00000000
      53900       0.00399112     0.00074933   2006         165     0.00059854     0.00013969      0   16016.00000000 13106.85937500 16016.00000000
      53901       0.00596734     0.00080602   2006         166     0.00063292     0.00020886      0   13112.00000000 13284.12500000     0.00000000
      53902       0.00260478     0.00112716   2006         167     0.00091339     0.00009117      0    6312.00000000  6044.87500000  6312.00000000
      53903       0.00358549     0.00096062   2006         168     0.00077430     0.00012549      0    9056.00000000  8621.15625000  9056.00000000
      53904       0.00352592     0.00115296   2006         169     0.00093198     0.00012341      0    7264.00000000  6128.25000000  5312.00000000
      53905       0.00438583     0.00097851   2006         170     0.00078568     0.00015350      0    8840.00000000  8936.75000000  8840.00000000
      53906       0.00459575     0.00152814   2006         171     0.00123549     0.00016085      0    3392.00000000  3337.30468464  3392.00000000
      53907       0.00905552     0.00338600   2006         172     0.00274076     0.00031694      0     760.00000000   771.87500000   760.00000000
      53908       0.00663109     0.00273391   2006         173     0.00221466     0.00023209      0     936.00000000   950.62500000   936.00000000
      53909       0.00759721     0.00215371   2006         174     0.00173759     0.00026590      0    1664.00000000  1690.00000000  1664.00000000
      53910       0.00382306     0.00345732   2006         175     0.00280873     0.00013381      0     960.00000000   626.75000000   960.00000000
      53911       0.00717493     0.00167421   2006         176     0.00134575     0.00025112      0    6568.00000000  3319.73437500  6568.00000000
      53912       0.00473099     0.00240739   2006         177     0.00195259     0.00016558      0    1248.00000000  1267.50000000  1248.00000000
      53913       0.00493782     0.00127730   2006         178     0.00102891     0.00017282      0    6352.00000000  5676.25000000  2096.00000000
      53914       0.00597300     0.00213727   2006         179     0.00172929     0.00020906      0    1536.00000000  1544.76562500  1536.00000000
      53915       0.00842932     0.00238688   2006         180     0.00192567     0.00029503      0    1384.00000000  1405.62500000  1384.00000000
      53916       0.00416874     0.00221652   2006         181     0.00179814     0.00014591      0    1344.00000000  1365.00000000  1344.00000000
      53917       0.00556508     0.00185374   2006         182     0.00149876     0.00019478      0    2200.00000000  1847.37500000  2200.00000000
      53918       0.00260309     0.00172870   2006         183     0.00140349     0.00009111      0    2096.00000000  2096.31250000  2096.00000000
      53919       0.00543598     0.00223667   2006         184     0.00181184     0.00019026      0    1240.00000000  1259.37500000  1240.00000000
      53920       0.00834651     0.00248640   2006         185     0.00200746     0.00029213      0    1088.00000000  1105.00000000  1088.00000000
      53921       0.00626156     0.00236517   2006         186     0.00191463     0.00021915      0    1160.00000000  1178.12500000     0.00000000
      53922       0.00737408     0.00237811   2006         187     0.00192200     0.00025809      0    1184.00000000  1146.12500000  1184.00000000
      53923       0.00783528     0.00281074   2006         188     0.00227425     0.00027423      0     768.00000000   780.00000000   768.00000000
      53924       0.00199184     0.00155520   2006         189     0.00126312     0.00006971      0    3656.00000000  3217.25000000   848.00000000
      53926       0.00933308     0.00577127   2006         191     0.00468457     0.00032666      0     400.00000000   253.12500000   400.00000000
      53927       0.00576517     0.00452791   2006         192     0.00367757     0.00020178      0     960.00000000   353.18750000    64.00000000
      53928       0.00888831     0.00261181   2006         193     0.00210831     0.00031109      0    1000.00000000  1015.62500000  1000.00000000
      53929       0.00645993     0.00354512   2006         194     0.00287635     0.00022610      0     640.00000000   472.25000000   640.00000000
      53930       0.00387338     0.00203768   2006         195     0.00165298     0.00013557      0    2560.00000000  2413.00000000   384.00000000
      53931       0.00553442     0.00224695   2006         196     0.00181998     0.00019370      0    1960.00000000  1341.21875000  1960.00000000
      53932       0.00519377     0.00211404   2006         197     0.00171236     0.00018178      0    1528.00000000  1426.25000000  1528.00000000
      53933       0.00475640     0.00232091   2006         198     0.00188206     0.00016647      0    1832.00000000  1237.62500000  1832.00000000
      53934       0.00608350     0.00269720   2006         199     0.00218601     0.00021292      0     800.00000000   812.50000000   800.00000000
      53936       0.00758857     0.00242994   2006         201     0.00196373     0.00026560      0    1848.00000000  1190.62500000  1848.00000000
      53937       0.00719099     0.00369282   2006         202     0.00299531     0.00025168      0     656.00000000   666.25000000   656.00000000
      53938       0.00524700     0.00120947   2006         203     0.00097190     0.00018364      0    5672.00000000  5295.06250000  1088.00000000
      53939       0.00752288     0.00155958   2006         204     0.00124975     0.00026330      0    3432.00000000  3000.93750000  3432.00000000
      53940       0.00686615     0.01862302   2006         205     0.01513940     0.00024032      3     160.00000000    22.81250000   160.00000000
      53941       0.00782178     0.00252689   2006         206     0.00204229     0.00027376      0    3000.00000000  1066.23437500  3000.00000000
      53942       0.00295217     0.00257532   2006         207     0.00209207     0.00010333      0     768.00000000   780.00000000   768.00000000
      53943       0.00604087     0.00259454   2006         208     0.00210237     0.00021143      0    2584.00000000  1151.68750000  2584.00000000
      53944       0.00894137     0.00401332   2006         209     0.00325293     0.00031295      0     320.00000000   325.00000000   320.00000000
      53945       0.00423817     0.00249397   2006         210     0.00202403     0.00014834      0     832.00000000   845.00000000   832.00000000
      53946       0.00480821     0.00314002   2006         211     0.00254919     0.00016829      0     768.00000000   620.00000000   768.00000000
      53947       0.00735761     0.00204298   2006         212     0.00164771     0.00025752      0    1976.00000000  1758.87500000   984.00000000
      53948       0.00397029     0.00203048   2006         213     0.00164693     0.00013896      0   10544.00000000  2032.53125000 10544.00000000
      53949       0.00495330     0.00144779   2006         214     0.00116860     0.00017337      0    2848.00000000  2818.73435974  2848.00000000
      53950       0.00543220     0.00135890   2006         215     0.00109393     0.00019013      0    9936.00000000  3991.21873772  8992.00000000
      53951       0.00445972     0.00146977   2006         216     0.00118818     0.00015609      0   11048.00000000  3897.75672758 10080.00000000
      53952       0.00918991     0.01084734   2006         217     0.00881510     0.00032165      0     128.00000000    51.00000000   128.00000000
      53953       0.00404560     0.00299256   2006         218     0.00243025     0.00014160      0     616.00000000   596.75000000     0.00000000
      53954       0.00867657     0.00190137   2006         219     0.00152599     0.00030368      0    4240.00000000  3053.60156250  1632.00000000
      53955       0.00552421     0.00442175   2006         220     0.00359148     0.00019335      0     456.00000000   331.31250000   456.00000000
      53956       0.00337070     0.00220536   2006         221     0.00179041     0.00011797      0    1216.00000000  1235.00000000  1216.00000000
      53957       0.00713701     0.00071021